0.9847195 0.012589266 0.0026912338
0.6546923 0.24523887 0.10006885
0.9827115 0.010125947 0.007162515
0.73204607 0.24845709 0.019496877
0.99693966 0.002835117 0.00022521897
0.9107496 0.08416376 0.005086591
0.7012909 0.29736993 0.0013392324
0.15106821 0.84279835 0.006133453
0.2868345 0.7025193 0.010646129
0.9936532 0.0051310835 0.0012157118
0.9984049 0.0014277968 0.00016737907
0.98982704 0.007222393 0.002950604
0.9959628 0.0028342304 0.0012029156
0.22976185 0.76062536 0.00961272
0.0989593 0.90093756 0.000103054874
0.978215 0.021638585 0.0001464078
0.978215 0.021638585 0.0001464078
0.97803843 0.015999252 0.0059623383
0.2921024 0.64457417 0.06332341
0.020968756 0.97425234 0.0047789705
0.02544863 0.97166204 0.0028892548
0.005521227 0.98666406 0.0078148
0.0019431482 0.99624723 0.0018095516
0.9999373 4.467405e-05 1.8002722e-05
0.9952409 0.004233248 0.00052586815
0.999964 2.9737173e-05 6.3616176e-06
0.9997694 0.00019103626 3.954524e-05
0.9988696 0.0010872732 4.3065524e-05
0.98681784 0.012041838 0.0011402679
0.99993086 6.703755e-05 2.1359292e-06
0.999298 0.00069203763 9.995985e-06
0.9992611 0.0006957287 4.3139673e-05
0.99993515 4.70849e-05 1.7767952e-05
0.99999416 3.7085642e-06 2.1154535e-06
0.9999305 6.0992104e-05 8.455806e-06
0.4759339 0.49656555 0.027500585
0.9964365 0.002239894 0.0013235877
0.8475112 0.13325432 0.019234482
0.8475112 0.13325432 0.019234482
0.99915075 0.00076992385 7.9342695e-05
0.8671424 0.13002661 0.0028310365
0.9994386 0.00048216275 7.9267746e-05
0.9832774 0.016437251 0.00028530514
0.996132 0.003663918 0.00020399943
0.9998815 0.00010961825 8.804223e-06
0.97864646 0.019764464 0.0015891347
0.9707644 0.01788817 0.011347486
0.14732113 0.7592338 0.09344503
0.14732113 0.7592338 0.09344503
0.13967101 0.667586 0.19274296
0.018125039 0.97835153 0.0035234326
0.020287342 0.9775047 0.002207961
0.9992562 0.000690753 5.2975734e-05
0.9992562 0.000690753 5.2975734e-05
0.01367001 0.9859929 0.00033704893
0.066513896 0.9333406 0.00014542087
0.03753488 0.96186846 0.00059658726
0.008666064 0.9837015 0.0076324227
0.0042551993 0.9951007 0.00064416626
0.002439969 0.99701667 0.0005433622
0.9996625 0.00021418564 0.00012337392
0.9941082 0.00497904 0.0009127283
0.40331194 0.5959717 0.0007163417
0.6516496 0.28986943 0.058480933
0.9944727 0.005428554 9.8799246e-05
0.9863359 0.004442081 0.009222016
0.04547349 0.95292896 0.0015975214
0.7798684 0.21574627 0.004385321
0.8650651 0.1198609 0.015074058
0.99953544 0.00043523384 2.9313313e-05
0.65649235 0.25822356 0.08528409
0.057017256 0.93823886 0.004743829
0.9954455 0.00399323 0.00056125404
0.9764945 0.01774643 0.005759142
0.44551444 0.5436241 0.010861439
0.58003163 0.19622624 0.2237422
0.58705115 0.39687654 0.01607232
0.95823956 0.030364022 0.011396448
0.47592258 0.48241615 0.041661263
0.0074590323 0.98838276 0.004158305
0.9969201 0.0026841848 0.00039573156
0.7577553 0.24150184 0.0007428952
0.99619544 0.0023534617 0.0014511147
0.99192107 0.0072969603 0.0007820049
0.99620324 0.003667949 0.00012888457
0.98892516 0.008361289 0.0027135143
0.99999297 5.320693e-06 1.6118231e-06
0.9999286 7.063882e-05 6.8985815e-07
0.99773324 0.0016710567 0.0005956013
0.111600496 0.88675696 0.0016426514
0.9963181 0.0035321547 0.00014981201
0.9999896 9.435113e-06 9.898872e-07
0.99689424 0.0027681247 0.0003375973
0.9933821 0.0024066132 0.004211231
0.8780037 0.11780959 0.004186782
0.9996402 0.00017458107 0.00018517097
0.9993543 0.00042054587 0.0002251023
0.99719405 0.0023968422 0.00040900742
0.96052545 0.035139516 0.0043349965
0.9995358 0.00040552256 5.876113e-05
0.8740894 0.1234148 0.0024957855
0.98758465 0.0090619465 0.00335344
0.9948678 0.0050820233 5.0167077e-05
0.99553764 0.004358056 0.00010437422
0.9964064 0.0032803062 0.00031334406
0.16182813 0.8140233 0.02414861
0.8521391 0.021796683 0.12606429
0.83109045 0.15523921 0.013670425
0.99860734 0.0010521314 0.0003405663
0.051332496 0.55344474 0.39522275
0.52543855 0.44125426 0.033307172
0.019317133 0.95913696 0.021545889
0.019317133 0.95913696 0.021545889
0.34743333 0.63194126 0.020625444
0.33815184 0.62801725 0.033830855
0.3465695 0.17238504 0.48104545
0.93869734 0.029202929 0.032099664
0.11006485 0.86288667 0.027048573
0.9993399 0.00021301424 0.00044706903
0.95590746 0.034151185 0.009941434
0.9743009 0.025687862 1.1227461e-05
0.9057881 0.09420925 2.5626803e-06
0.9057881 0.09420925 2.5626803e-06
0.9996362 0.00024023374 0.00012360397
0.99845994 0.0002957174 0.0012443579
0.93002397 0.06483229 0.005143744
0.9640251 0.034737963 0.0012368644
0.99834096 0.0008776008 0.0007814213
0.9854371 0.0145398835 2.3001825e-05
0.9956892 0.004298035 1.2663113e-05
0.99996805 1.9641755e-05 1.2277824e-05
0.89060146 0.013780953 0.09561759
0.93908525 0.058831748 0.0020830452
0.9148358 0.08192773 0.0032364763
0.81398106 0.1692073 0.016811622
0.999551 0.0004384581 1.0434001e-05
0.996714 0.003214069 7.198146e-05
0.9961116 0.003808982 7.945632e-05
0.9044884 0.09293241 0.002579219
0.9498567 0.027536882 0.022606496
0.9498567 0.027536882 0.022606496
0.9985033 0.001320064 0.00017662463
0.9999472 5.1255127e-05 1.5490097e-06
0.99952495 0.00046786 7.184468e-06
0.996657 0.0030424567 0.00030041745
0.9897569 0.009320584 0.0009225042
0.8839148 0.089419976 0.026665194
0.8839148 0.089419976 0.026665194
0.1030958 0.8890215 0.007882681
0.955071 0.033194236 0.011734752
0.72366965 0.27358264 0.0027476228
0.32406586 0.67252517 0.0034090579
0.9993772 0.00062094117 1.8745916e-06
0.9916767 0.008144957 0.00017840341
0.98936623 0.010328987 0.00030480578
0.9354917 0.06308646 0.0014218217
0.9978549 0.00092762086 0.0012175213
0.34542808 0.648823 0.0057489546
0.9999825 8.314321e-06 9.1746515e-06
0.99992466 1.4627134e-05 6.0637212e-05
0.9998884 8.980386e-05 2.182973e-05
0.9969728 0.0029549142 7.226914e-05
0.5716248 0.41142577 0.016949404
0.9974412 0.0004805917 0.002078251
0.99870694 0.00091261254 0.00038048957
0.9887235 0.00884868 0.0024278122
0.8037137 0.1920892 0.004197175
0.99764144 0.0023425296 1.602631e-05
0.99057335 0.009152437 0.00027418844
0.98336303 0.016229236 0.0004076785
0.9862742 0.012390213 0.0013356116
0.99879897 0.0007249493 0.000476017
0.9960568 0.003681244 0.0002619539
0.8849493 0.10473529 0.010315396
0.99261194 0.005720095 0.0016679566
0.94700146 0.052200496 0.00079805043
0.94700146 0.052200496 0.00079805043
0.99405 0.0058456077 0.00010439533
0.9978947 0.0017053089 0.00040000686
0.9966899 0.0006323687 0.0026777757
0.99211067 0.0070028133 0.0008865155
0.9795928 0.020173633 0.00023353298
0.99468577 0.003553644 0.0017606543
0.37731755 0.61833537 0.0043470236
0.9918533 0.0034487813 0.0046979436
0.99643254 0.002385561 0.0011818961
0.99643254 0.002385561 0.0011818961
0.8598216 0.13804194 0.0021363823
0.9559106 0.042112686 0.0019767834
0.88030624 0.11944949 0.0002443446
0.88030624 0.11944949 0.0002443446
0.23628205 0.76080287 0.0029151372
0.3139324 0.6609505 0.02511724
0.580854 0.40816358 0.010982449
0.9980426 0.0014529432 0.00050451537
0.23940654 0.7603647 0.00022874016
0.37470326 0.61596024 0.009336473
0.43826872 0.4361376 0.12559368
0.99925035 0.00051811035 0.00023161255
0.9968664 0.00299683 0.00013676188
0.998862 0.0011113442 2.6636557e-05
0.99790215 0.0020604641 3.7397924e-05
0.96364194 0.03610031 0.00025777522
0.9968058 0.002741514 0.00045275828
0.9837759 0.01569343 0.00053064624
0.7436038 0.25532323 0.0010729273
0.99481034 0.004149502 0.0010401846
0.98587185 0.011525872 0.0026022163
0.9986273 0.0013052886 6.738002e-05
0.9995666 0.00026854328 0.0001648071
0.9276664 0.07010305 0.0022305306
0.7239461 0.2638749 0.012178941
0.0016526964 0.9963301 0.0020171942
0.215559 0.75307155 0.031369418
0.18862595 0.810602 0.0007721058
0.0335549 0.9658545 0.0005905172
0.215559 0.75307155 0.031369418
0.48133317 0.51625514 0.0024117418
0.112339914 0.88415927 0.0035007729
0.37799564 0.61745864 0.0045456653
0.8989775 0.09824087 0.0027816214
0.99936765 0.0005709992 6.132564e-05
0.9983595 0.0015673816 7.308418e-05
0.99873847 0.0011394393 0.00012209568
0.9996921 0.00023205948 7.592291e-05
0.9996921 0.00023205948 7.592291e-05
0.99265176 0.0049513616 0.0023969642
0.9995771 0.00020275834 0.00022007678
0.99938786 0.00042932437 0.00018272143
0.9997863 0.00014328586 7.0395756e-05
0.9998319 0.000109836015 5.8172584e-05
0.9990814 0.0007654172 0.00015320304
0.9620199 0.036271892 0.0017082174
0.99998856 5.125654e-06 6.3447665e-06
0.9997385 1.2588745e-05 0.0002488891
0.9998543 0.00014056395 5.154724e-06
0.99550545 0.0026801573 0.0018144142
0.937799 0.025016397 0.037184644
0.937799 0.025016397 0.037184644
0.99731606 0.002547689 0.00013622128
0.9519116 0.0048918827 0.04319645
0.020636493 0.9713679 0.007995612
0.0072963615 0.99067265 0.0020309745
0.9228236 0.072362185 0.004814208
0.996599 0.0021593485 0.001241578
0.9989027 0.00072303356 0.00037421196
0.9999769 1.4338485e-05 8.78826e-06
0.99974316 0.00014573919 0.000111061745
0.99794036 0.002020779 3.8755075e-05
0.95833737 0.04010721 0.0015554319
0.99859613 0.0013889257 1.4925517e-05
0.99752754 0.0024482056 2.4277673e-05
0.99983704 0.00016051404 2.395647e-06
0.9987978 0.0005352568 0.00066697795
0.9906483 0.009262195 8.9546265e-05
0.9910946 0.00784211 0.0010633287
0.76643735 0.23173939 0.0018231942
0.95569074 0.042820506 0.0014888416
0.99918324 0.0007275714 8.91971e-05
0.9994288 0.00038242183 0.00018877907
0.99725014 0.001981717 0.00076811784
0.999653 0.0003366247 1.033411e-05
0.99652195 0.0025534567 0.0009246346
0.95148265 0.039392665 0.009124608
0.99995923 2.3122768e-05 1.7680146e-05
0.597787 0.37785494 0.024358083
0.995613 0.0038167506 0.0005702602
0.9866088 0.010069702 0.0033215457
0.9866088 0.010069702 0.0033215457
0.9964491 0.0025462415 0.001004603
0.99595803 0.0014372155 0.0026047307
0.99467766 0.0011170936 0.0042052763
0.9638311 0.035462607 0.00070626463
0.43412727 0.5620917 0.003780953
0.9801074 0.019314783 0.0005777416
0.97224075 0.027393773 0.00036545374
0.99886537 0.0005406905 0.00059394276
0.99886537 0.0005406905 0.00059394276
0.99442047 0.003945359 0.0016341482
0.9984598 0.0013905239 0.0001496279
0.860194 0.111742005 0.028063921
0.9986743 0.0010864901 0.0002392836
0.95099175 0.04855634 0.0004518358
0.99380773 0.006165751 2.659079e-05
0.9277006 0.063442804 0.008856605
0.89058805 0.10829069 0.0011213376
0.8650326 0.13159032 0.0033770718
0.9977228 0.0012976917 0.0009794477
0.9967159 0.0029277692 0.00035637963
0.2580303 0.2726584 0.46931124
0.03134156 0.85827816 0.11038028
0.6903736 0.3032387 0.00638771
0.37617257 0.61846966 0.005357758
0.01574164 0.98098433 0.003273996
0.077687904 0.9192446 0.0030675372
0.13660675 0.86215883 0.0012344478
0.99947816 0.00039181858 0.00012995483
0.9940333 0.0033717256 0.0025950216
0.9999919 7.034999e-06 1.1306034e-06
0.99995315 4.5539164e-05 1.3176251e-06
0.99993575 4.7894508e-05 1.6305094e-05
0.7452598 0.25219643 0.0025438052
0.9992849 0.00045305787 0.00026210005
0.9972729 0.00259703 0.00013010338
0.45772767 0.53394735 0.008325037
0.9836346 0.015352158 0.0010132096
0.9968257 0.0029161253 0.00025819612
0.9031745 0.08704898 0.009776444
0.99997663 1.806838e-05 5.2084292e-06
0.9997584 0.00016787504 7.3634714e-05
0.9961278 0.003286043 0.00058627356
0.99998736 1.0503584e-05 2.1247336e-06
0.9999 7.1348215e-05 2.8656463e-05
0.8951565 0.09836514 0.006478462
0.9893666 0.009520181 0.0011132953
0.9966011 0.0021029825 0.0012959404
0.7020967 0.29500827 0.0028950416
0.09216728 0.8810202 0.026812572
0.11468232 0.8215411 0.06377663
0.976544 0.021061385 0.0023945689
0.99987626 0.00011291507 1.0900018e-05
0.9999219 7.6176024e-05 1.8896787e-06
0.9988096 0.00084835914 0.0003421136
0.9677635 0.032042272 0.00019420842
0.9877244 0.012228896 4.6734815e-05
0.99596184 0.0040096496 2.8450273e-05
0.9984195 0.0015381941 4.221394e-05
0.98613644 0.01382571 3.779827e-05
0.9834979 0.016371759 0.00013024607
0.9749638 0.024373123 0.00066307135
0.98864824 0.011208216 0.00014354994
0.95551145 0.04435834 0.00013024978
0.97701466 0.022626009 0.00035935073
0.97328 0.026660452 5.9552684e-05
0.8880822 0.11179078 0.00012707415
0.9976178 0.0023761303 6.075197e-06
0.99862814 0.0013565256 1.5407304e-05
0.94434893 0.05397929 0.0016717941
0.68802375 0.309274 0.0027022625
0.98418325 0.015473847 0.0003428872
0.9859411 0.014008491 5.0461596e-05
0.9770651 0.021739626 0.0011952302
0.9781821 0.02087248 0.0009455127
0.9770806 0.021872755 0.001046669
0.9656357 0.033651467 0.00071272673
0.87417704 0.11886491 0.0069580837
0.9389154 0.029766532 0.031318042
0.9667224 0.032386996 0.0008905494
0.9985512 0.0007408425 0.0007078543
0.9999584 1.7415425e-05 2.4174102e-05
0.9999584 1.7415425e-05 2.4174102e-05
0.99632406 0.0013166605 0.0023592862
0.99987805 8.4236235e-05 3.7659982e-05
0.99981576 0.00013107882 5.312407e-05
0.9999845 1.4191724e-05 1.3681637e-06
0.03239657 0.9643382 0.003265322
0.15592718 0.8224382 0.021634614
0.0043446682 0.99495125 0.0007040074
0.0007957551 0.9978422 0.0013620239
0.9807334 0.017855942 0.0014107153
0.92674834 0.064542085 0.008709541
0.91749436 0.013770555 0.06873498
0.9895601 0.008091278 0.0023485424
0.4795761 0.5125994 0.007824515
0.998594 0.0007234901 0.0006825062
0.9998173 0.00017379131 8.967984e-06
0.22270676 0.73778045 0.039512843
0.7247661 0.21175575 0.06347812
0.9997882 0.000115528164 9.629266e-05
0.98848873 0.0067026787 0.004808517
0.9990126 0.0006918334 0.00029556715
0.9991516 0.0007203591 0.00012807331
0.3362728 0.6459813 0.017745893
0.054219905 0.47661832 0.46916184
0.000903455 0.99838936 0.0007072079
0.009174324 0.98554623 0.0052795312
0.008909833 0.9903922 0.00069805305
0.63931644 0.31275275 0.04793074
0.30494842 0.69348615 0.001565436
0.0054935957 0.99437666 0.00012980326
0.15116958 0.8420051 0.0068252506
0.10142884 0.8837865 0.014784612
0.33709964 0.6526562 0.0102441115
0.41577902 0.5635485 0.020672446
0.9962902 0.0020753907 0.0016344346
0.022637755 0.9747303 0.0026320214
0.7834292 0.21351787 0.0030528838
0.9999769 8.562448e-06 1.4522148e-05
0.9998423 8.7216926e-05 7.041654e-05
0.99797577 0.00046225075 0.0015619104
0.90572065 0.09213353 0.0021457796
0.11809992 0.8630126 0.01888749
0.99623114 0.003715424 5.3429572e-05
0.9880342 0.011531004 0.00043477523
0.99402493 0.0057475455 0.00022757056
0.4630325 0.5327059 0.0042615575
0.15967055 0.83718586 0.0031436142
0.8948319 0.10198266 0.0031854268
0.111967236 0.8503303 0.03770246
0.6256168 0.36861545 0.0057677706
0.026611231 0.95883197 0.014556762
0.72392267 0.26727605 0.008801291
0.011640327 0.9803616 0.0079981135
0.9971105 0.002433833 0.0004555638
0.9612635 0.036387984 0.0023485017
0.9823486 0.012068992 0.005582407
0.9109444 0.082893595 0.0061619505
0.9976712 0.002038458 0.00029034063
0.9086933 0.08255276 0.008753932
0.8105427 0.1650844 0.024372842
0.98738664 0.01159681 0.0010165314
0.99833494 0.0002152678 0.0014497855
0.9934465 0.0049316166 0.0016218403
0.22344369 0.7757743 0.0007820119
0.86781466 0.13097641 0.0012089185
0.22181709 0.7775177 0.0006651885
0.9950472 0.004842194 0.00011072259
0.99216837 0.0072339172 0.0005977631
0.90664756 0.09324552 0.00010686362
0.8327369 0.16713497 0.00012806698
0.7047291 0.29108614 0.0041848416
0.99870205 0.0010822993 0.00021560835
0.73413783 0.23755954 0.028302684
0.42491254 0.5210655 0.05402199
0.9656064 0.01928242 0.015111172
0.47359666 0.47788882 0.048514523
0.9656064 0.01928242 0.015111172
0.9656064 0.01928242 0.015111172
0.24625695 0.74911034 0.004632791
0.0014601519 0.98771745 0.010822415
0.0024377198 0.97295433 0.024607897
0.17254637 0.8172418 0.010211889
0.06283069 0.5027668 0.43440247
0.040702093 0.7999812 0.15931678
0.040702093 0.7999812 0.15931678
0.6341859 0.20183992 0.16397412
0.96337354 0.034579888 0.0020465038
0.96101856 0.03836017 0.00062124897
0.999995 4.472823e-06 4.4109112e-07
0.9990796 0.00091165886 8.658586e-06
0.99844885 0.0014574629 9.370277e-05
0.23656036 0.7285452 0.034894392
0.23656036 0.7285452 0.034894392
0.9547362 0.01024384 0.035019964
0.9986469 0.0010680786 0.00028497758
0.91823477 0.073937126 0.007828021
0.80164117 0.1842977 0.014061118
0.80164117 0.1842977 0.014061118
0.011425745 0.98232013 0.0062541375
0.97202 0.016516412 0.011463597
0.3782513 0.5952452 0.026503554
0.0226799 0.9684055 0.008914608
0.51167494 0.483586 0.0047390955
0.004718044 0.994719 0.00056284573
0.00022468409 0.9987513 0.0010240953
0.0023981382 0.99713576 0.00046604514
0.0021984458 0.9961831 0.00161836
0.61782664 0.36811608 0.014057256
0.54156035 0.45677653 0.00166311
0.54156035 0.45677653 0.00166311
0.9939261 0.005338669 0.0007351788
0.9943171 0.0048123156 0.00087058335
0.92797405 0.036262125 0.035763793
0.9592573 0.038405474 0.0023372378
0.99447256 0.0028126219 0.002714859
0.97526205 0.023874713 0.000863227
0.9998981 8.0924714e-05 2.093952e-05
0.99661887 0.003237884 0.00014328526
0.5786972 0.4119637 0.009339026
0.9971105 0.002433833 0.0004555638
0.9966844 0.0032810913 3.4566667e-05
0.99972147 0.00026415117 1.4469259e-05
0.9964372 0.0034866664 7.6187534e-05
0.9988501 0.0011248814 2.505849e-05
0.94336677 0.046113424 0.010519812
0.99930954 0.0005505346 0.00014003123
0.9978684 0.0017945288 0.00033697396
0.86189866 0.12322768 0.014873679
0.9812439 0.009786738 0.008969427
0.9961958 0.0011443262 0.0026599492
0.977218 0.018134497 0.0046475013
0.9264998 0.07300161 0.0004985911
0.9648959 0.0332554 0.0018486906
0.9978084 0.0020946478 9.69312e-05
0.99920624 0.00037826793 0.00041547086
0.98131 0.008022542 0.010667445
0.990378 0.008993751 0.0006281806
0.9960926 0.0026729573 0.0012345093
0.046687335 0.9520107 0.0013019753
0.047945693 0.9519689 8.548095e-05
0.8868724 0.10267483 0.010452731
0.9172736 0.06532944 0.01739698
0.9172736 0.06532944 0.01739698
0.962111 0.036581434 0.0013075806
0.99759954 0.00234058 5.990539e-05
0.6928127 0.30331016 0.003877109
0.0132496115 0.9841197 0.0026307513
0.29823536 0.6878795 0.013885151
0.12076372 0.8664768 0.012759475
0.9888678 0.0102040125 0.000928149
0.9432908 0.054242376 0.0024668477
0.97621584 0.022772087 0.0010121559
0.7806502 0.20727913 0.012070634
0.994819 0.0041459072 0.0010351028
0.72874844 0.24261321 0.028638285
0.99606055 0.0027502282 0.001189155
0.7878562 0.19903229 0.013111504
0.93328404 0.0552972 0.011418793
0.0007844733 0.9989195 0.0002959788
0.22435234 0.739871 0.035776604
0.7733161 0.22159226 0.0050916593
0.9331764 0.057236794 0.00958681
0.8920355 0.10348155 0.004482932
0.8920355 0.10348155 0.004482932
0.29961687 0.66758156 0.032801576
0.29961687 0.66758156 0.032801576
0.99270356 0.0064211404 0.0008753491
0.95397204 0.041854374 0.004173573
0.9998503 0.00013102786 1.8748326e-05
0.9999981 1.0456627e-06 8.2575434e-07
0.9432051 0.055729523 0.0010653024
0.9756808 0.022848997 0.0014701623
0.99706346 0.0024281195 0.00050840987
0.99973375 0.00021310247 5.320717e-05
0.99721503 0.0024403336 0.00034467346
0.9998908 9.8152406e-05 1.1086897e-05
0.15847239 0.8213057 0.02022188
0.9995472 0.00042306437 2.9724551e-05
0.8880937 0.11116107 0.00074518897
0.9946536 0.005038902 0.0003074807
0.9912027 0.008041309 0.0007559955
0.51956004 0.40724996 0.07319
0.78274816 0.2084191 0.008832714
0.46141887 0.532358 0.0062231235
0.97659075 0.01960755 0.0038016422
0.99448377 0.00128824 0.004228045
0.9159719 0.05602547 0.028002646
0.12150619 0.8112601 0.06723371
0.82983446 0.16067074 0.009494787
0.9741838 0.021533225 0.00428297
0.8239804 0.15839243 0.017627195
0.5097864 0.48362902 0.006584533
0.4089286 0.51018256 0.08088885
0.6864532 0.31170368 0.001843113
0.6864532 0.31170368 0.001843113
0.114231534 0.77776694 0.10800145
0.092855245 0.8964686 0.01067616
0.092855245 0.8964686 0.01067616
0.99794656 0.000673931 0.0013795197
0.9901142 0.009562663 0.0003232116
0.99775606 0.001711246 0.00053278677
0.9941907 0.0040271827 0.0017821185
0.9960323 0.0031226324 0.00084501726
0.990932 0.0062190266 0.002848989
0.99996984 1.9656087e-05 1.0472484e-05
0.99977297 9.35895e-05 0.000133504
0.99977297 9.35895e-05 0.000133504
0.9915848 0.0021035082 0.0063117924
0.99916875 0.0006587916 0.00017244752
0.99816173 0.0014039868 0.00043427336
0.9996393 0.000102081256 0.00025854318
0.98607916 0.011455945 0.0024648828
0.9909078 0.005886234 0.0032060419
0.7454444 0.20055091 0.054004703
0.12989455 0.83951414 0.030591326
0.98989713 0.009161868 0.00094099465
0.99836403 0.0015821334 5.384809e-05
0.8982016 0.098010205 0.0037883215
0.9998714 0.00012458632 4.0641958e-06
0.9998 0.00019767722 2.319823e-06
0.88807714 0.087835 0.02408778
0.94167876 0.057162266 0.0011589116
0.51831955 0.4099941 0.071686395
0.93909025 0.04474217 0.01616759
0.9902434 0.007523215 0.0022334564
0.31661 0.51466215 0.16872787
0.7341763 0.20408511 0.06173851
0.9932112 0.006553409 0.00023538683
0.99919075 0.0007790155 3.0206415e-05
0.9354141 0.020289063 0.044296898
0.81926274 0.14583497 0.034902252
0.9692784 0.027713375 0.0030082506
0.054803763 0.9386936 0.006502636
0.6086648 0.3777866 0.013548638
0.88834506 0.050468493 0.061186388
0.8653833 0.124738075 0.009878601
0.9695388 0.029477207 0.0009839473
0.54093295 0.4494637 0.009603291
0.98448205 0.0117174 0.0038005381
0.9384932 0.049003586 0.012503162
0.7846678 0.17179956 0.043532666
0.9978453 0.0013867925 0.00076793594
0.016328128 0.9769965 0.0066754096
0.13677146 0.8579236 0.005304966
0.9795307 0.01988861 0.00058070506
0.9999199 7.0864706e-05 9.182831e-06
0.99906296 0.0008105671 0.00012642232
0.99416345 0.0024244909 0.0034120213
0.9982869 0.00088780746 0.00082531647
0.99838614 0.0016123664 1.5580111e-06
0.96536684 0.03454119 9.196409e-05
0.9602398 0.033909447 0.005850731
0.0815425 0.789148 0.12930961
0.37977064 0.61257416 0.007655242
0.17136341 0.79060316 0.038033403
0.37977064 0.61257416 0.007655242
0.8561319 0.14280872 0.0010593304
0.30203766 0.69205177 0.00591059
0.30203766 0.69205177 0.00591059
0.7836048 0.2074087 0.008986429
0.036915857 0.9015462 0.061537854
0.036915857 0.9015462 0.061537854
0.036915857 0.9015462 0.061537854
0.033661097 0.86939174 0.096947104
0.033661097 0.86939174 0.096947104
0.111220896 0.86219686 0.026582243
0.10758438 0.8899746 0.002440985
0.00040691544 0.99939084 0.00020220058
0.0007606081 0.99885 0.00038936673
0.76148653 0.22189353 0.016619915
0.76148653 0.22189353 0.016619915
0.4858685 0.5133544 0.0007769904
0.78817797 0.21091036 0.0009116746
0.8890877 0.10942292 0.0014894734
0.9898196 0.003267526 0.006912934
0.8786708 0.1207946 0.00053450896
0.99239576 0.0059270016 0.0016772635
0.9277659 0.023937017 0.048297048
0.98307055 0.01622929 0.00070012745
0.9640089 0.035595015 0.0003959978
0.99988294 0.00011672459 3.1356518e-07
0.9987658 0.0012337975 3.349906e-07
0.96334845 0.0366502 1.3771862e-06
0.8592695 0.13975498 0.0009756173
0.9983126 0.0016460215 4.1468793e-05
0.9983126 0.0016460215 4.1468793e-05
0.99759597 0.002381088 2.2917433e-05
0.99759597 0.002381088 2.2917433e-05
0.15644802 0.8333 0.010251969
0.15644802 0.8333 0.010251969
0.99997973 2.0092004e-05 8.4222016e-08
0.9999962 3.7115014e-06 1.3611718e-07
0.9996991 0.00022131392 7.958302e-05
0.9915673 0.005447193 0.0029854758
0.18169717 0.8065094 0.011793463
0.7077339 0.28761542 0.0046506417
0.98432654 0.014468758 0.0012047512
0.9985796 0.0013872117 3.3254586e-05
0.99927634 0.00067455624 4.9058508e-05
0.88437957 0.03779383 0.07782663
